# Migration is number of nodes that have changed color.

Round		Edge-Cut		Swaps		Migrations		Skipped
0		419347		62789		41456
1		288975		122742		45518
2		236346		180759		46642
3		213355		237557		47199
4		198993		293780		47534
5		189940		349586		47543
6		182779		404963		47631
7		177529		460139		47719
8		174184		515105		47718
9		172418		569941		47658
10		170477		624619		47651
11		168533		679182		47580
12		165510		733692		47715
13		159671		788232		47730
14		154805		842568		47658
15		153512		897003		47640
16		152084		951226		47665
17		151383		1005488		47642
18		151364		1059473		47607
19		149474		1113519		47715
20		148588		1167605		47678
21		147235		1221475		47680
22		146723		1275409		47622
23		147055		1329353		47694
24		146234		1383275		47652
25		146101		1437300		47581
26		145451		1491212		47727
27		145881		1545042		47576
28		145720		1598898		47658
29		146072		1652751		47723
30		144772		1706652		47773
31		144721		1760575		47785
32		144187		1814366		47750
33		143910		1868171		47782
34		144034		1922004		47842
35		144090		1975970		47834
36		143051		2029676		47807
37		142881		2083268		47780
38		143610		2136983		47840
39		143053		2190780		47830
40		143347		2244539		47848
41		143181		2298336		47854
42		143077		2352117		47878
43		142686		2405752		47808
44		142590		2459502		47699
45		141943		2513113		47746
46		141713		2566740		47752
47		141948		2620443		47820
48		142201		2673977		47845
49		141771		2727533		47806
50		141634		2781175		47787
51		141494		2834916		47815
52		141216		2888555		47730
53		140946		2942104		47765
54		141274		2995738		47729
55		140971		3049285		47776
56		140355		3102761		47778
57		140200		3156419		47694
58		140248		3210064		47639
59		140327		3263512		47681
60		140436		3316856		47587
61		140674		3370259		47654
62		140671		3423787		47615
63		140572		3477465		47637
64		140363		3531028		47680
65		140293		3584674		47743
66		139663		3638324		47710
67		140272		3691681		47729
68		140309		3745205		47697
69		139763		3798639		47767
70		139751		3852125		47813
71		139529		3905384		47765
72		139693		3958722		47730
73		139551		4012167		47702
74		139619		4065619		47630
75		139903		4119086		47717
76		139407		4172429		47697
77		139016		4225793		47724
78		138804		4279146		47752
79		138731		4332429		47758
80		138744		4385824		47764
81		138694		4439195		47728
82		138723		4492761		47790
83		139055		4545979		47785
84		138957		4599167		47739
85		138816		4652369		47718
86		139032		4705776		47696
87		139026		4759046		47652
88		139007		4812477		47724
89		138679		4865769		47724
90		138370		4918928		47823
91		138379		4972347		47844
92		139023		5025805		47790
93		138647		5079080		47805
94		138348		5132299		47799
95		138560		5185582		47788
96		138218		5238868		47769
97		138146		5292051		47781
98		138390		5345387		47679
99		138409		5398767		47791
100		138107		5452046		47695
101		137817		5505343		47687
102		138123		5558513		47687
103		137838		5611771		47680
104		137716		5664993		47725
105		137693		5718099		47751
106		137817		5771209		47743
107		137473		5824453		47769
108		137509		5877675		47767
109		137505		5931055		47703
110		137810		5984218		47663
111		137473		6037494		47719
112		137417		6090665		47737
113		137344		6143823		47699
114		137359		6196996		47731
115		137171		6250190		47738
116		137087		6303284		47787
117		136926		6356367		47727
118		136771		6409506		47680
119		136770		6462531		47688
120		136659		6515610		47706
121		136366		6568772		47704
122		136269		6621723		47665
123		136184		6674798		47699
124		136154		6727744		47708
125		136269		6780821		47664
126		135788		6833930		47752
127		135958		6886934		47761
128		136076		6940046		47749
129		135851		6993081		47728
130		135721		7046114		47732
131		135856		7099035		47765
132		135582		7152274		47660
133		135139		7205412		47649
134		135073		7258464		47656
135		135081		7311640		47661
136		135290		7364721		47698
137		135493		7417681		47706
138		135208		7470555		47730
139		135319		7523520		47698
140		135221		7576408		47667
141		135348		7629492		47715
142		135251		7682520		47785
143		135229		7735496		47761
144		135179		7788439		47760
145		134988		7841473		47782
146		134688		7894282		47714
147		134671		7947294		47755
148		134618		8000275		47709
149		134510		8053089		47761
150		134272		8105951		47719
151		134314		8158910		47707
152		134245		8211633		47700
153		134341		8264534		47747
154		134153		8317587		47761
155		134138		8370619		47672
156		133779		8423527		47711
157		133619		8476306		47720
158		133526		8529222		47704
159		133396		8581904		47690
160		133466		8634667		47781
161		133623		8687374		47728
162		133598		8740339		47806
163		133370		8793228		47809
164		133483		8845978		47754
165		133592		8898639		47718
166		133531		8951494		47787
167		133553		9004307		47769
168		133333		9057082		47739
169		133014		9109860		47683
170		133031		9162622		47693
171		132824		9215572		47674
172		133025		9268248		47673
173		133046		9321064		47638
174		132933		9373869		47623
175		132902		9426426		47650
176		132759		9479074		47666
177		132797		9531719		47694
178		132717		9584481		47690
179		132736		9637231		47692
180		132573		9690004		47638
181		132383		9742787		47644
182		132314		9795553		47697
183		132264		9848330		47756
184		132278		9900906		47718
185		132301		9953586		47694
186		132457		10006252		47647
187		132320		10058835		47688
188		132115		10111424		47712
189		132096		10164293		47744
190		132022		10216757		47714
191		131993		10269361		47714
192		131703		10321974		47725
193		131799		10374595		47696
194		131746		10427294		47700
195		131679		10479753		47710
196		131586		10532514		47751
197		131439		10585123		47786
198		131313		10637741		47804
199		131356		10690361		47808
200		131281		10742923		47823
201		130984		10795496		47821
202		131204		10848100		47869
203		131115		10900663		47809
204		131143		10953277		47762
205		131195		11005808		47767
206		131252		11058426		47761
207		131052		11111045		47789
208		130999		11163504		47768
209		130791		11216050		47745
210		130831		11268731		47751
211		130656		11321322		47739
212		130442		11373737		47728
213		130207		11426168		47746
214		130053		11478686		47736
215		130215		11531065		47736
216		130232		11583498		47771
217		130149		11636054		47730
218		130477		11688399		47763
219		130216		11740696		47771
220		130067		11793145		47796
221		130087		11845610		47753
222		129938		11897931		47762
223		130066		11950380		47771
224		129874		12002770		47769
225		129993		12055267		47767
226		130172		12107554		47788
227		130102		12160023		47743
228		129955		12212642		47730
229		129790		12265055		47747
230		129875		12317494		47756
231		129797		12369741		47737
232		129669		12422002		47840
233		129740		12474412		47800
234		129562		12526787		47834
235		129589		12579200		47808
236		129396		12631581		47814
237		129375		12684001		47794
238		129359		12736370		47789
239		129445		12788667		47811
240		129410		12840918		47780
241		129308		12893143		47805
242		129236		12945384		47813
243		129170		12997654		47827
244		129078		13050251		47811
245		129176		13102530		47815
246		128991		13154768		47806
247		128908		13207074		47758
248		128651		13259216		47776
249		128513		13311415		47755
250		128300		13363773		47757
251		128332		13415981		47749
252		128306		13468219		47740
253		128086		13520309		47746
254		127899		13572539		47776
255		127917		13624770		47803
256		127750		13676789		47834
257		127755		13728959		47837
258		127795		13781108		47828
259		127781		13833264		47814
260		127815		13885315		47831
261		127827		13937621		47817
262		127642		13989761		47820
263		127596		14041943		47802
264		127532		14093905		47815
265		127432		14145950		47809
266		127321		14198020		47834
267		127318		14250122		47815
268		127236		14302078		47799
269		127120		14354035		47784
270		127119		14406165		47775
271		127123		14458193		47772
272		127029		14510252		47783
273		126952		14562400		47777
274		126884		14614614		47770
275		126820		14666580		47791
276		126737		14718644		47814
277		126739		14770627		47830
278		126685		14822631		47813
279		126579		14874678		47804
280		126568		14926528		47800
281		126562		14978662		47796
282		126551		15030729		47779
283		126576		15082628		47791
284		126523		15134694		47783
285		126438		15186741		47761
286		126418		15238935		47765
287		126363		15291065		47767
288		126385		15343101		47781
289		126322		15395041		47767
290		126304		15447039		47758
291		125551		15499067		47738
292		124960		15551117		47721
293		124505		15603212		47758
294		124238		15655089		47789
295		124109		15707212		47781
296		124005		15759044		47785
297		123895		15811001		47781
298		123786		15862930		47776
299		123771		15914711		47793
300		123717		15966765		47804
301		123620		16018802		47818
302		123497		16070688		47812
303		123435		16122616		47828
304		123406		16174229		47810
305		123380		16226027		47806
306		123304		16277721		47786
307		123260		16329704		47776
308		123273		16381624		47786
309		123245		16433462		47791
310		123151		16485378		47804
311		123102		16537272		47817
312		123092		16589180		47794
313		123012		16641032		47816
314		122968		16692902		47798
315		122958		16744731		47802
316		122924		16796535		47778
317		122920		16848297		47783
318		122910		16899888		47758
319		122909		16951665		47779
320		122874		17003536		47784
321		122842		17055498		47782
322		122777		17107362		47797
323		122738		17159287		47810
324		122707		17211047		47791
325		122693		17262977		47812
326		122668		17314856		47788
327		122632		17366602		47771
328		122605		17418330		47783
329		122594		17470107		47785
330		122577		17521849		47789
331		122552		17573829		47788
332		122526		17625682		47810
333		122510		17677474		47798
334		122461		17677539		47805
335		122438		17677588		47810
336		122415		17677615		47807
337		122401		17677655		47810
338		122378		17677685		47816
339		122369		17677700		47817
340		122364		17677721		47820
341		122361		17677734		47818
342		122350		17677753		47819
343		122349		17677764		47823
344		122333		17677790		47824
345		122317		17677813		47826
346		122315		17677822		47828
347		122305		17677843		47833
348		122299		17677857		47839
349		122285		17677870		47841
350		122275		17677885		47838
351		122268		17677897		47841
352		122265		17677903		47840
353		122263		17677908		47842
354		122262		17677921		47843
355		122260		17677929		47840
356		122260		17677935		47839
357		122256		17677941		47843
358		122250		17677948		47839
359		122248		17677953		47837
360		122246		17677958		47840
361		122245		17677966		47836
362		122243		17677968		47836
363		122238		17677974		47837
364		122235		17677980		47837
365		122232		17677982		47836
366		122231		17677984		47836
367		122225		17677992		47835
368		122221		17678001		47835
369		122222		17678007		47837
370		122221		17678011		47839
371		122217		17678015		47835
372		122213		17678019		47838
373		122208		17678026		47838
374		122208		17678026		47838
375		122208		17678030		47838
376		122208		17678034		47839
377		122208		17678036		47838
378		122203		17678044		47839
379		122200		17678049		47840
380		122198		17678052		47837
381		122196		17678053		47835
382		122196		17678055		47835
383		122194		17678057		47836
384		122194		17678057		47836
385		122193		17678059		47835
386		122194		17678061		47833
387		122188		17678066		47831
388		122187		17678067		47831
389		122188		17678069		47831
390		122188		17678069		47831
391		122189		17678070		47829
392		122189		17678070		47829
393		122188		17678071		47829
394		122187		17678074		47827
395		122185		17678075		47827
396		122183		17678077		47827
397		122180		17678079		47826
398		122180		17678080		47825
399		122177		17678083		47827
400		122176		17678084		47827
401		122173		17678088		47827
402		122170		17678090		47829
403		122168		17678092		47831
404		122165		17678097		47832
405		122164		17678098		47831
406		122163		17678099		47831
407		122163		17678100		47831
408		122163		17678103		47833
409		122162		17678104		47835
410		122158		17678108		47833
411		122157		17678112		47831
412		122153		17678115		47830
413		122153		17678115		47830
414		122153		17678117		47831
415		122151		17678119		47831
416		122152		17678121		47830
417		122151		17678122		47830
418		122149		17678124		47830
419		122149		17678124		47830
420		122149		17678124		47830
421		122145		17678128		47830
422		122145		17678128		47830
423		122143		17678133		47826
424		122142		17678134		47826
425		122142		17678134		47826
426		122141		17678135		47828
427		122140		17678136		47829
428		122138		17678138		47828
429		122137		17678140		47827
430		122136		17678141		47827
431		122135		17678142		47827
432		122134		17678144		47828
433		122133		17678146		47828
434		122133		17678146		47828
435		122130		17678148		47828
436		122129		17678149		47827
437		122126		17678152		47825
438		122125		17678153		47824
439		122124		17678154		47824
440		122123		17678155		47824
441		122124		17678156		47823
442		122124		17678156		47823
443		122122		17678157		47822
444		122122		17678157		47822
445		122122		17678157		47822
446		122121		17678158		47822
447		122122		17678159		47822
448		122120		17678161		47821
449		122118		17678162		47821
450		122117		17678163		47822
451		122117		17678163		47822
452		122116		17678164		47822
453		122116		17678166		47821
454		122116		17678166		47821
455		122115		17678167		47821
456		122116		17678168		47819
457		122116		17678168		47819
458		122114		17678170		47817
459		122114		17678171		47818
460		122114		17678171		47818
461		122114		17678171		47818
462		122112		17678173		47819
463		122111		17678174		47818
464		122111		17678174		47818
465		122110		17678175		47818
466		122107		17678178		47818
467		122108		17678182		47818
468		122108		17678182		47818
469		122108		17678182		47818
470		122108		17678182		47818
471		122108		17678182		47818
472		122108		17678182		47818
473		122108		17678182		47818
474		122108		17678182		47818
475		122108		17678182		47818
476		122108		17678182		47818
477		122108		17678184		47816
478		122108		17678184		47816
479		122108		17678184		47816
480		122108		17678184		47816
481		122106		17678185		47815
482		122106		17678185		47815
483		122106		17678185		47815
484		122106		17678185		47815
485		122105		17678186		47816
486		122104		17678187		47815
487		122103		17678188		47817
488		122102		17678189		47818
489		122103		17678190		47819
490		122103		17678190		47819
491		122102		17678191		47820
492		122102		17678191		47820
493		122102		17678191		47820
494		122102		17678191		47820
495		122102		17678191		47820
496		122102		17678191		47820
497		122099		17678193		47819
498		122099		17678193		47819
499		122099		17678193		47819
500		122099		17678193		47819
501		122099		17678193		47819
502		122099		17678193		47819
503		122099		17678193		47819
504		122099		17678193		47819
505		122098		17678194		47818
506		122098		17678194		47818
507		122098		17678194		47818
508		122098		17678194		47818
509		122098		17678194		47818
510		122098		17678194		47818
511		122097		17678195		47818
512		122097		17678195		47818
513		122097		17678195		47818
514		122097		17678195		47818
515		122096		17678196		47819
516		122096		17678196		47819
517		122095		17678197		47818
518		122096		17678198		47818
519		122096		17678198		47818
520		122096		17678198		47818
521		122096		17678198		47818
522		122095		17678199		47818
523		122095		17678199		47818
524		122095		17678199		47818
525		122095		17678199		47818
526		122095		17678199		47818
527		122095		17678199		47818
528		122095		17678199		47818
529		122094		17678200		47818
530		122094		17678200		47818
531		122095		17678201		47816
532		122095		17678201		47816
533		122095		17678201		47816
534		122094		17678202		47815
535		122093		17678203		47815
536		122092		17678204		47815
537		122092		17678204		47815
538		122092		17678204		47815
539		122092		17678204		47815
540		122092		17678204		47815
541		122092		17678204		47815
542		122091		17678205		47815
543		122090		17678206		47814
544		122090		17678206		47814
545		122090		17678206		47814
546		122090		17678206		47814
547		122090		17678206		47814
548		122089		17678207		47814
549		122089		17678207		47814
550		122089		17678207		47814
551		122089		17678207		47814
552		122089		17678207		47814
553		122086		17678210		47814
554		122086		17678210		47814
555		122086		17678210		47814
556		122085		17678211		47813
557		122085		17678211		47813
558		122085		17678211		47813
559		122085		17678211		47813
560		122085		17678211		47813
561		122085		17678211		47813
562		122085		17678211		47813
563		122084		17678213		47813
564		122084		17678213		47813
565		122085		17678214		47813
566		122085		17678214		47813
567		122086		17678215		47813
568		122086		17678215		47813
569		122086		17678215		47813
570		122086		17678215		47813
571		122086		17678215		47813
572		122086		17678215		47813
573		122086		17678215		47813
574		122086		17678215		47813
575		122086		17678215		47813
576		122086		17678215		47813
577		122086		17678215		47813
578		122086		17678215		47813
579		122085		17678216		47812
580		122085		17678216		47812
581		122085		17678216		47812
582		122085		17678216		47812
583		122086		17678217		47811
584		122086		17678217		47811
585		122086		17678217		47811
586		122086		17678217		47811
587		122086		17678217		47811
588		122086		17678217		47811
589		122086		17678217		47811
590		122086		17678217		47811
591		122086		17678217		47811
592		122086		17678217		47811
593		122086		17678217		47811
594		122086		17678217		47811
595		122086		17678217		47811
596		122086		17678217		47811
597		122086		17678217		47811
598		122086		17678217		47811
599		122086		17678217		47811
600		122085		17678218		47812
601		122085		17678218		47812
602		122084		17678219		47811
603		122084		17678219		47811
604		122084		17678219		47811
605		122084		17678219		47811
606		122084		17678219		47811
607		122084		17678219		47811
608		122083		17678220		47812
609		122082		17678221		47813
610		122081		17678222		47813
611		122081		17678222		47813
612		122081		17678222		47813
613		122081		17678222		47813
614		122081		17678222		47813
615		122081		17678222		47813
616		122081		17678222		47813
617		122081		17678222		47813
618		122081		17678222		47813
619		122081		17678222		47813
620		122081		17678222		47813
621		122080		17678223		47813
622		122080		17678223		47813
623		122080		17678223		47813
624		122080		17678223		47813
625		122080		17678223		47813
626		122080		17678223		47813
627		122079		17678224		47814
628		122079		17678224		47814
629		122079		17678224		47814
630		122079		17678224		47814
631		122079		17678224		47814
632		122079		17678224		47814
633		122079		17678224		47814
634		122079		17678224		47814
635		122079		17678224		47814
636		122079		17678224		47814
637		122079		17678224		47814
638		122079		17678224		47814
639		122079		17678224		47814
640		122079		17678224		47814
641		122079		17678224		47814
642		122079		17678224		47814
643		122078		17678225		47812
644		122078		17678225		47812
645		122077		17678226		47812
646		122077		17678226		47812
647		122077		17678226		47812
648		122077		17678226		47812
649		122077		17678226		47812
650		122077		17678226		47812
651		122077		17678226		47812
652		122077		17678226		47812
653		122077		17678226		47812
654		122077		17678226		47812
655		122077		17678226		47812
656		122077		17678226		47812
657		122077		17678226		47812
658		122077		17678226		47812
659		122077		17678226		47812
660		122077		17678226		47812
661		122077		17678226		47812
662		122077		17678226		47812
663		122077		17678226		47812
664		122077		17678226		47812
665		122077		17678226		47812
666		122076		17678227		47812
667		122076		17678227		47812
668		122076		17678227		47812
669		122075		17678228		47812
670		122075		17678228		47812
671		122075		17678228		47812
672		122075		17678228		47812
673		122075		17678228		47812
674		122075		17678228		47812
675		122075		17678228		47812
676		122075		17678228		47812
677		122075		17678228		47812
678		122075		17678228		47812
679		122075		17678228		47812
680		122075		17678228		47812
681		122075		17678228		47812
682		122075		17678228		47812
683		122075		17678228		47812
684		122074		17678229		47814
685		122074		17678229		47814
686		122074		17678229		47814
687		122073		17678230		47813
688		122073		17678230		47813
689		122073		17678230		47813
690		122073		17678230		47813
691		122073		17678230		47813
692		122073		17678230		47813
693		122073		17678230		47813
694		122073		17678230		47813
695		122073		17678230		47813
696		122073		17678230		47813
697		122073		17678230		47813
698		122073		17678230		47813
699		122073		17678230		47813
700		122073		17678230		47813
701		122073		17678230		47813
702		122073		17678230		47813
703		122073		17678230		47813
704		122073		17678230		47813
705		122072		17678231		47812
706		122072		17678231		47812
707		122072		17678231		47812
708		122072		17678231		47812
709		122072		17678231		47812
710		122072		17678231		47812
711		122072		17678231		47812
712		122072		17678231		47812
713		122072		17678231		47812
714		122072		17678231		47812
715		122072		17678231		47812
716		122072		17678231		47812
717		122072		17678231		47812
718		122072		17678231		47812
719		122072		17678231		47812
720		122071		17678232		47811
721		122071		17678232		47811
722		122071		17678232		47811
723		122071		17678232		47811
724		122071		17678232		47811
725		122071		17678232		47811
726		122070		17678233		47812
727		122070		17678233		47812
728		122070		17678233		47812
729		122070		17678233		47812
730		122070		17678233		47812
731		122070		17678233		47812
732		122070		17678233		47812
733		122070		17678233		47812
734		122070		17678233		47812
735		122070		17678233		47812
736		122070		17678233		47812
737		122070		17678233		47812
738		122070		17678233		47812
739		122070		17678233		47812
740		122070		17678233		47812
741		122070		17678233		47812
742		122070		17678233		47812
743		122070		17678233		47812
744		122070		17678233		47812
745		122070		17678233		47812
746		122070		17678233		47812
747		122070		17678233		47812
748		122071		17678234		47812
749		122071		17678234		47812
750		122071		17678234		47812
751		122071		17678234		47812
752		122071		17678234		47812
753		122071		17678234		47812
754		122071		17678234		47812
755		122071		17678234		47812
756		122071		17678234		47812
757		122071		17678234		47812
758		122071		17678234		47812
759		122071		17678234		47812
760		122071		17678234		47812
761		122071		17678234		47812
762		122071		17678234		47812
763		122070		17678235		47811
764		122070		17678235		47811
765		122070		17678235		47811
766		122070		17678235		47811
767		122070		17678235		47811
768		122070		17678235		47811
769		122070		17678235		47811
770		122070		17678235		47811
771		122070		17678235		47811
772		122070		17678235		47811
773		122070		17678235		47811
774		122070		17678235		47811
775		122070		17678235		47811
776		122070		17678235		47811
777		122070		17678235		47811
778		122070		17678235		47811
779		122070		17678235		47811
780		122070		17678235		47811
781		122070		17678235		47811
782		122070		17678235		47811
783		122070		17678235		47811
784		122070		17678235		47811
785		122070		17678235		47811
786		122070		17678235		47811
787		122070		17678235		47811
788		122070		17678235		47811
789		122070		17678235		47811
790		122070		17678235		47811
791		122070		17678235		47811
792		122070		17678235		47811
793		122070		17678235		47811
794		122070		17678235		47811
795		122070		17678235		47811
796		122070		17678235		47811
797		122070		17678235		47811
798		122069		17678236		47812
799		122069		17678236		47812
800		122069		17678236		47812
801		122069		17678236		47812
802		122069		17678236		47812
803		122069		17678236		47812
804		122069		17678236		47812
805		122069		17678236		47812
806		122069		17678236		47812
807		122069		17678236		47812
808		122069		17678236		47812
809		122069		17678236		47812
810		122069		17678236		47812
811		122069		17678236		47812
812		122069		17678236		47812
813		122069		17678236		47812
814		122069		17678236		47812
815		122069		17678236		47812
816		122069		17678236		47812
817		122069		17678236		47812
818		122069		17678236		47812
819		122069		17678236		47812
820		122069		17678236		47812
821		122069		17678236		47812
822		122069		17678236		47812
823		122069		17678236		47812
824		122069		17678236		47812
825		122069		17678236		47812
826		122069		17678236		47812
827		122069		17678236		47812
828		122069		17678236		47812
829		122069		17678236		47812
830		122069		17678236		47812
831		122069		17678236		47812
832		122069		17678236		47812
833		122069		17678236		47812
834		122069		17678236		47812
835		122069		17678236		47812
836		122069		17678236		47812
837		122069		17678236		47812
838		122069		17678236		47812
839		122069		17678236		47812
840		122069		17678236		47812
841		122069		17678236		47812
842		122069		17678236		47812
843		122069		17678236		47812
844		122069		17678236		47812
845		122067		17678238		47811
846		122066		17678239		47811
847		122066		17678239		47811
848		122066		17678239		47811
849		122066		17678239		47811
850		122066		17678239		47811
851		122066		17678239		47811
852		122066		17678239		47811
853		122066		17678239		47811
854		122066		17678239		47811
855		122066		17678239		47811
856		122066		17678239		47811
857		122066		17678239		47811
858		122066		17678239		47811
859		122066		17678239		47811
860		122066		17678239		47811
861		122066		17678239		47811
862		122066		17678239		47811
863		122066		17678239		47811
864		122066		17678239		47811
865		122066		17678239		47811
866		122066		17678239		47811
867		122066		17678239		47811
868		122066		17678239		47811
869		122066		17678239		47811
870		122066		17678239		47811
871		122064		17678240		47811
872		122064		17678240		47811
873		122064		17678240		47811
874		122064		17678240		47811
875		122064		17678240		47811
876		122064		17678240		47811
877		122064		17678240		47811
878		122064		17678240		47811
879		122064		17678240		47811
880		122064		17678240		47811
881		122064		17678240		47811
882		122064		17678240		47811
883		122064		17678240		47811
884		122064		17678240		47811
885		122064		17678240		47811
886		122064		17678240		47811
887		122064		17678240		47811
888		122064		17678240		47811
889		122064		17678240		47811
890		122064		17678240		47811
891		122064		17678240		47811
892		122064		17678240		47811
893		122064		17678240		47811
894		122064		17678240		47811
895		122064		17678240		47811
896		122064		17678240		47811
897		122064		17678240		47811
898		122064		17678240		47811
899		122064		17678240		47811
900		122064		17678240		47811
901		122064		17678240		47811
902		122064		17678240		47811
903		122063		17678241		47812
904		122063		17678241		47812
905		122063		17678241		47812
906		122063		17678241		47812
907		122063		17678241		47812
908		122063		17678241		47812
909		122063		17678241		47812
910		122063		17678241		47812
911		122063		17678241		47812
912		122063		17678241		47812
913		122063		17678241		47812
914		122063		17678241		47812
915		122063		17678241		47812
916		122063		17678241		47812
917		122063		17678241		47812
918		122063		17678241		47812
919		122063		17678241		47812
920		122063		17678241		47812
921		122063		17678241		47812
922		122063		17678241		47812
923		122063		17678241		47812
924		122063		17678241		47812
925		122063		17678241		47812
926		122063		17678241		47812
927		122063		17678241		47812
928		122062		17678242		47811
929		122062		17678242		47811
930		122062		17678242		47811
931		122062		17678242		47811
932		122062		17678242		47811
933		122061		17678243		47812
934		122061		17678243		47812
935		122061		17678243		47812
936		122061		17678243		47812
937		122061		17678243		47812
938		122061		17678243		47812
939		122061		17678243		47812
940		122061		17678243		47812
941		122061		17678243		47812
942		122061		17678243		47812
943		122061		17678243		47812
944		122061		17678243		47812
945		122061		17678243		47812
946		122061		17678243		47812
947		122061		17678243		47812
948		122061		17678243		47812
949		122061		17678243		47812
950		122061		17678243		47812
951		122061		17678243		47812
952		122061		17678243		47812
953		122061		17678243		47812
954		122061		17678243		47812
955		122061		17678243		47812
956		122061		17678243		47812
957		122061		17678243		47812
958		122061		17678243		47812
959		122061		17678243		47812
960		122061		17678243		47812
961		122061		17678243		47812
962		122061		17678243		47812
963		122060		17678244		47813
964		122060		17678244		47813
965		122060		17678244		47813
966		122060		17678244		47813
967		122059		17678245		47813
968		122059		17678245		47813
969		122059		17678245		47813
970		122059		17678245		47813
971		122059		17678245		47813
972		122059		17678245		47813
973		122059		17678245		47813
974		122059		17678245		47813
975		122059		17678245		47813
976		122059		17678245		47813
977		122059		17678245		47813
978		122059		17678245		47813
979		122059		17678245		47813
980		122059		17678245		47813
981		122059		17678245		47813
982		122059		17678245		47813
983		122059		17678245		47813
984		122059		17678245		47813
985		122059		17678245		47813
986		122059		17678245		47813
987		122059		17678245		47813
988		122059		17678245		47813
989		122059		17678245		47813
990		122059		17678245		47813
991		122059		17678245		47813
992		122059		17678245		47813
993		122059		17678245		47813
994		122059		17678245		47813
995		122059		17678245		47813
996		122059		17678245		47813
997		122059		17678245		47813
998		122059		17678245		47813
999		122059		17678245		47813
