# Migration is number of nodes that have changed color.

Round		Edge-Cut		Swaps		Migrations		Skipped
0		8102		3858		3028
1		6878		6550		3109
2		6085		8597		3145
3		5529		10326		3176
4		5065		11762		3219
5		4718		12936		3188
6		4438		13985		3221
7		4157		14882		3185
8		3948		15631		3225
9		3750		16363		3225
10		3664		16991		3228
11		3534		17527		3233
12		3379		18019		3231
13		3297		18496		3237
14		3209		18938		3236
15		3130		19373		3263
16		3042		19768		3263
17		2987		20093		3269
18		2908		20419		3257
19		2858		20723		3252
20		2830		21004		3250
21		2784		21284		3241
22		2743		21589		3242
23		2713		21866		3266
24		2679		22106		3246
25		2645		22359		3246
26		2584		22595		3243
27		2527		22794		3253
28		2500		22966		3264
29		2459		23133		3278
30		2424		23297		3283
31		2395		23462		3288
32		2368		23605		3290
33		2339		23747		3301
34		2316		23859		3279
35		2300		23977		3280
36		2297		24077		3296
37		2284		24213		3288
38		2261		24340		3288
39		2259		24443		3281
40		2241		24545		3299
41		2227		24662		3291
42		2222		24774		3295
43		2197		24874		3297
44		2196		24975		3293
45		2185		25075		3291
46		2161		25206		3308
47		2145		25307		3304
48		2137		25412		3297
49		2129		25514		3287
50		2111		25589		3292
51		2099		25669		3295
52		2109		25742		3301
53		2101		25852		3302
54		2079		25939		3303
55		2080		26016		3311
56		2081		26106		3318
57		2066		26206		3316
58		2057		26277		3317
59		2056		26369		3316
60		2066		26467		3308
61		2062		26566		3312
62		2048		26662		3307
63		2031		26755		3301
64		2036		26855		3298
65		2039		26948		3305
66		2032		27025		3306
67		2012		27125		3306
68		1996		27191		3298
69		2000		27260		3306
70		1998		27328		3304
71		1982		27394		3303
72		1978		27448		3299
73		1971		27521		3306
74		1974		27587		3302
75		1969		27670		3307
76		1969		27753		3310
77		1969		27824		3307
78		1952		27898		3306
79		1947		27953		3300
80		1944		28019		3293
81		1933		28083		3298
82		1936		28142		3299
83		1924		28195		3298
84		1918		28245		3299
85		1905		28293		3299
86		1896		28354		3306
87		1894		28403		3313
88		1894		28442		3298
89		1893		28496		3302
90		1884		28541		3306
91		1886		28574		3309
92		1886		28638		3311
93		1887		28686		3310
94		1880		28735		3309
95		1875		28798		3311
96		1862		28850		3310
97		1865		28898		3311
98		1860		28952		3321
99		1868		29006		3319
100		1869		29047		3323
101		1866		29100		3333
102		1860		29154		3328
103		1848		29217		3324
104		1845		29265		3328
105		1845		29298		3334
106		1840		29331		3335
107		1845		29380		3337
108		1828		29439		3339
109		1822		29484		3339
110		1820		29513		3340
111		1827		29569		3338
112		1817		29636		3331
113		1816		29691		3333
114		1817		29752		3336
115		1818		29809		3327
116		1803		29866		3332
117		1798		29901		3342
118		1793		29945		3341
119		1791		29968		3341
120		1792		30002		3345
121		1785		30040		3348
122		1781		30081		3340
123		1782		30119		3341
124		1781		30155		3341
125		1785		30189		3343
126		1775		30225		3341
127		1783		30270		3345
128		1785		30309		3339
129		1780		30355		3343
130		1774		30403		3335
131		1774		30457		3342
132		1768		30485		3338
133		1770		30531		3348
134		1778		30576		3339
135		1772		30631		3335
136		1771		30685		3335
137		1767		30716		3329
138		1754		30761		3331
139		1757		30806		3334
140		1753		30849		3328
141		1759		30903		3329
142		1762		30948		3328
143		1756		31010		3334
144		1753		31059		3334
145		1751		31100		3335
146		1759		31150		3333
147		1750		31207		3337
148		1742		31245		3334
149		1732		31278		3334
150		1724		31306		3333
151		1716		31329		3330
152		1712		31358		3330
153		1717		31391		3334
154		1722		31437		3330
155		1725		31472		3327
156		1730		31521		3335
157		1733		31557		3333
158		1733		31617		3334
159		1732		31666		3334
160		1725		31721		3336
161		1720		31775		3333
162		1710		31807		3330
163		1722		31849		3329
164		1716		31894		3326
165		1715		31954		3322
166		1703		32003		3331
167		1696		32037		3329
168		1705		32070		3336
169		1697		32102		3336
170		1702		32135		3331
171		1703		32183		3337
172		1706		32217		3341
173		1695		32250		3346
174		1702		32281		3345
175		1690		32321		3337
176		1681		32354		3334
177		1682		32398		3330
178		1683		32428		3330
179		1677		32471		3336
180		1682		32513		3332
181		1674		32558		3335
182		1679		32614		3334
183		1676		32656		3332
184		1679		32690		3330
185		1670		32734		3335
186		1664		32761		3334
187		1677		32812		3333
188		1662		32848		3331
189		1666		32876		3328
190		1655		32906		3328
191		1653		32935		3329
192		1640		32951		3326
193		1635		32971		3325
194		1632		32996		3324
195		1631		33014		3323
196		1626		33030		3324
197		1628		33040		3321
198		1624		33056		3323
199		1619		33068		3323
200		1620		33076		3321
201		1622		33084		3321
202		1621		33094		3322
203		1617		33100		3321
204		1622		33116		3319
205		1623		33130		3327
206		1624		33146		3318
207		1617		33164		3320
208		1621		33202		3318
209		1616		33223		3318
210		1618		33247		3316
211		1614		33266		3317
212		1613		33279		3317
213		1616		33303		3320
214		1620		33323		3316
215		1609		33355		3318
216		1608		33375		3317
217		1599		33392		3319
218		1601		33402		3319
219		1600		33413		3321
220		1598		33420		3316
221		1593		33433		3318
222		1594		33438		3317
223		1594		33446		3318
224		1595		33452		3319
225		1594		33458		3320
226		1594		33463		3322
227		1593		33471		3321
228		1590		33474		3319
229		1591		33478		3321
230		1590		33481		3319
231		1590		33483		3319
232		1590		33485		3319
233		1588		33487		3319
234		1588		33489		3319
235		1588		33490		3320
236		1589		33491		3319
237		1586		33495		3321
238		1586		33495		3321
239		1584		33496		3320
240		1584		33496		3320
241		1585		33499		3320
242		1588		33504		3320
243		1587		33505		3320
244		1587		33507		3320
245		1588		33508		3320
246		1591		33513		3320
247		1590		33515		3320
248		1592		33520		3320
249		1595		33533		3318
250		1590		33547		3318
251		1587		33557		3318
252		1590		33565		3323
253		1584		33576		3320
254		1584		33579		3321
255		1583		33586		3320
256		1581		33588		3321
257		1580		33589		3319
258		1581		33590		3321
259		1583		33593		3320
260		1581		33596		3321
261		1580		33597		3319
262		1581		33598		3321
263		1581		33598		3321
264		1582		33599		3321
265		1585		33604		3321
266		1580		33612		3319
267		1580		33615		3320
268		1580		33620		3321
269		1581		33621		3320
270		1580		33622		3321
271		1580		33624		3321
272		1581		33625		3320
273		1581		33627		3320
274		1581		33628		3319
275		1581		33631		3320
276		1580		33632		3321
277		1581		33633		3320
278		1581		33635		3320
279		1581		33636		3319
280		1579		33639		3322
281		1578		33642		3322
282		1578		33642		3322
283		1578		33646		3321
284		1578		33646		3321
285		1578		33646		3321
286		1578		33646		3321
287		1578		33646		3321
288		1578		33646		3321
289		1578		33646		3321
290		1578		33646		3321
291		1578		33646		3321
292		1578		33646		3321
293		1578		33646		3321
294		1578		33646		3321
295		1578		33646		3321
296		1578		33646		3321
297		1578		33646		3321
298		1578		33646		3321
299		1578		33646		3321
300		1578		33646		3321
301		1578		33646		3321
302		1578		33646		3321
303		1578		33646		3321
304		1578		33646		3321
305		1578		33646		3321
306		1578		33646		3321
307		1578		33646		3321
308		1578		33646		3321
309		1578		33646		3321
310		1578		33646		3321
311		1578		33646		3321
312		1578		33646		3321
313		1578		33646		3321
314		1578		33646		3321
315		1578		33646		3321
316		1578		33646		3321
317		1578		33646		3321
318		1578		33646		3321
319		1578		33646		3321
320		1578		33646		3321
321		1578		33646		3321
322		1578		33646		3321
323		1578		33646		3321
324		1578		33646		3321
325		1578		33646		3321
326		1578		33646		3321
327		1578		33646		3321
328		1578		33646		3321
329		1578		33646		3321
330		1578		33646		3321
331		1578		33646		3321
332		1578		33646		3321
333		1578		33646		3321
334		1578		33646		3321
335		1578		33646		3321
336		1578		33646		3321
337		1578		33646		3321
338		1578		33646		3321
339		1578		33646		3321
340		1578		33646		3321
341		1578		33646		3321
342		1578		33646		3321
343		1578		33646		3321
344		1578		33646		3321
345		1578		33646		3321
346		1578		33646		3321
347		1578		33646		3321
348		1578		33646		3321
349		1578		33646		3321
350		1578		33646		3321
351		1578		33646		3321
352		1578		33646		3321
353		1578		33646		3321
354		1578		33646		3321
355		1578		33646		3321
356		1578		33646		3321
357		1578		33646		3321
358		1578		33646		3321
359		1578		33646		3321
360		1578		33646		3321
361		1578		33646		3321
362		1578		33646		3321
363		1578		33646		3321
364		1578		33646		3321
365		1578		33646		3321
366		1578		33646		3321
367		1578		33646		3321
368		1578		33646		3321
369		1578		33646		3321
370		1578		33646		3321
371		1578		33646		3321
372		1578		33646		3321
373		1578		33646		3321
374		1578		33646		3321
375		1578		33646		3321
376		1578		33646		3321
377		1578		33646		3321
378		1578		33646		3321
379		1578		33646		3321
380		1578		33646		3321
381		1578		33646		3321
382		1578		33646		3321
383		1578		33646		3321
384		1578		33646		3321
385		1578		33646		3321
386		1578		33646		3321
387		1578		33646		3321
388		1578		33646		3321
389		1578		33646		3321
390		1578		33646		3321
391		1578		33646		3321
392		1578		33646		3321
393		1578		33646		3321
394		1578		33646		3321
395		1578		33646		3321
396		1578		33646		3321
397		1578		33646		3321
398		1578		33646		3321
399		1578		33646		3321
400		1583		33652		3319
401		1585		33671		3321
402		1588		33680		3322
403		1583		33686		3320
404		1585		33692		3323
405		1584		33696		3322
406		1588		33710		3323
407		1586		33717		3329
408		1587		33725		3329
409		1585		33739		3329
410		1586		33751		3327
411		1584		33758		3332
412		1583		33764		3330
413		1587		33771		3332
414		1583		33783		3332
415		1580		33789		3332
416		1580		33798		3330
417		1581		33803		3331
418		1586		33819		3329
419		1585		33828		3332
420		1583		33842		3332
421		1575		33855		3336
422		1577		33863		3334
423		1575		33869		3335
424		1576		33875		3335
425		1572		33886		3332
426		1572		33888		3335
427		1572		33893		3332
428		1568		33899		3333
429		1566		33900		3333
430		1565		33901		3333
431		1564		33903		3335
432		1564		33903		3335
433		1564		33903		3335
434		1564		33903		3335
435		1563		33904		3335
436		1563		33904		3335
437		1563		33904		3335
438		1563		33904		3335
439		1563		33904		3335
440		1563		33904		3335
441		1563		33904		3335
442		1563		33904		3335
443		1562		33905		3335
444		1562		33905		3335
445		1562		33905		3335
446		1562		33905		3335
447		1562		33905		3335
448		1562		33905		3335
449		1562		33905		3335
450		1562		33905		3335
451		1562		33905		3335
452		1562		33905		3335
453		1562		33905		3335
454		1562		33905		3335
455		1562		33905		3335
456		1562		33905		3335
457		1562		33905		3335
458		1562		33905		3335
459		1562		33905		3335
460		1562		33905		3335
461		1562		33905		3335
462		1562		33905		3335
463		1562		33905		3335
464		1562		33905		3335
465		1562		33905		3335
466		1562		33905		3335
467		1562		33905		3335
468		1562		33905		3335
469		1562		33905		3335
470		1562		33905		3335
471		1562		33905		3335
472		1562		33905		3335
473		1562		33905		3335
474		1562		33905		3335
475		1562		33905		3335
476		1562		33905		3335
477		1562		33905		3335
478		1562		33905		3335
479		1562		33905		3335
480		1562		33905		3335
481		1562		33905		3335
482		1562		33905		3335
483		1562		33905		3335
484		1562		33905		3335
485		1562		33905		3335
486		1562		33905		3335
487		1562		33905		3335
488		1562		33905		3335
489		1562		33905		3335
490		1562		33905		3335
491		1562		33905		3335
492		1562		33905		3335
493		1562		33905		3335
494		1562		33905		3335
495		1562		33905		3335
496		1562		33905		3335
497		1562		33905		3335
498		1562		33905		3335
499		1562		33905		3335
500		1562		33905		3335
501		1562		33905		3335
502		1562		33905		3335
503		1562		33905		3335
504		1562		33905		3335
505		1562		33905		3335
506		1562		33905		3335
507		1562		33905		3335
508		1562		33905		3335
509		1562		33905		3335
510		1562		33905		3335
511		1562		33905		3335
512		1562		33905		3335
513		1562		33905		3335
514		1562		33905		3335
515		1562		33905		3335
516		1562		33905		3335
517		1562		33905		3335
518		1562		33905		3335
519		1562		33905		3335
520		1562		33905		3335
521		1562		33905		3335
522		1562		33905		3335
523		1562		33905		3335
524		1562		33905		3335
525		1562		33905		3335
526		1562		33905		3335
527		1562		33905		3335
528		1562		33905		3335
529		1562		33905		3335
530		1562		33905		3335
531		1562		33905		3335
532		1562		33905		3335
533		1562		33905		3335
534		1562		33905		3335
535		1562		33905		3335
536		1562		33905		3335
537		1562		33905		3335
538		1562		33905		3335
539		1562		33905		3335
540		1562		33905		3335
541		1562		33905		3335
542		1562		33905		3335
543		1562		33905		3335
544		1562		33905		3335
545		1562		33905		3335
546		1562		33905		3335
547		1562		33905		3335
548		1562		33905		3335
549		1562		33905		3335
550		1562		33905		3335
551		1562		33905		3335
552		1562		33905		3335
553		1562		33905		3335
554		1562		33905		3335
555		1562		33905		3335
556		1562		33905		3335
557		1562		33905		3335
558		1562		33905		3335
559		1562		33905		3335
560		1562		33905		3335
561		1562		33905		3335
562		1562		33905		3335
563		1562		33905		3335
564		1562		33905		3335
565		1562		33905		3335
566		1562		33905		3335
567		1562		33905		3335
568		1562		33905		3335
569		1562		33905		3335
570		1562		33905		3335
571		1562		33905		3335
572		1562		33905		3335
573		1562		33905		3335
574		1562		33905		3335
575		1562		33905		3335
576		1562		33905		3335
577		1562		33905		3335
578		1562		33905		3335
579		1562		33905		3335
580		1562		33905		3335
581		1562		33905		3335
582		1562		33905		3335
583		1562		33905		3335
584		1562		33905		3335
585		1562		33905		3335
586		1562		33905		3335
587		1562		33905		3335
588		1562		33905		3335
589		1562		33905		3335
590		1562		33905		3335
591		1562		33905		3335
592		1562		33905		3335
593		1562		33905		3335
594		1562		33905		3335
595		1562		33905		3335
596		1562		33905		3335
597		1562		33905		3335
598		1562		33905		3335
599		1562		33905		3335
600		1562		33905		3335
601		1562		33905		3335
602		1562		33905		3335
603		1562		33905		3335
604		1562		33905		3335
605		1562		33905		3335
606		1562		33905		3335
607		1562		33905		3335
608		1562		33905		3335
609		1562		33905		3335
610		1562		33905		3335
611		1562		33905		3335
612		1562		33905		3335
613		1562		33905		3335
614		1562		33905		3335
615		1562		33905		3335
616		1562		33905		3335
617		1562		33905		3335
618		1562		33905		3335
619		1562		33905		3335
620		1562		33905		3335
621		1562		33905		3335
622		1562		33905		3335
623		1562		33905		3335
624		1562		33905		3335
625		1562		33905		3335
626		1562		33905		3335
627		1562		33905		3335
628		1562		33905		3335
629		1562		33905		3335
630		1562		33905		3335
631		1562		33905		3335
632		1562		33905		3335
633		1562		33905		3335
634		1562		33905		3335
635		1562		33905		3335
636		1562		33905		3335
637		1562		33905		3335
638		1562		33905		3335
639		1562		33905		3335
640		1562		33905		3335
641		1562		33905		3335
642		1562		33905		3335
643		1562		33905		3335
644		1562		33905		3335
645		1562		33905		3335
646		1562		33905		3335
647		1562		33905		3335
648		1562		33905		3335
649		1562		33905		3335
650		1562		33905		3335
651		1562		33905		3335
652		1562		33905		3335
653		1562		33905		3335
654		1562		33905		3335
655		1562		33905		3335
656		1562		33905		3335
657		1562		33905		3335
658		1562		33905		3335
659		1562		33905		3335
660		1562		33905		3335
661		1562		33905		3335
662		1562		33905		3335
663		1562		33905		3335
664		1562		33905		3335
665		1562		33905		3335
666		1562		33905		3335
667		1562		33905		3335
668		1562		33905		3335
669		1562		33905		3335
670		1562		33905		3335
671		1562		33905		3335
672		1562		33905		3335
673		1562		33905		3335
674		1562		33905		3335
675		1562		33905		3335
676		1562		33905		3335
677		1562		33905		3335
678		1562		33905		3335
679		1562		33905		3335
680		1562		33905		3335
681		1562		33905		3335
682		1562		33905		3335
683		1562		33905		3335
684		1562		33905		3335
685		1562		33905		3335
686		1562		33905		3335
687		1562		33905		3335
688		1562		33905		3335
689		1562		33905		3335
690		1562		33905		3335
691		1562		33905		3335
692		1562		33905		3335
693		1562		33905		3335
694		1562		33905		3335
695		1562		33905		3335
696		1562		33905		3335
697		1562		33905		3335
698		1562		33905		3335
699		1562		33905		3335
700		1562		33905		3335
701		1562		33905		3335
702		1562		33905		3335
703		1562		33905		3335
704		1562		33905		3335
705		1562		33905		3335
706		1562		33905		3335
707		1562		33905		3335
708		1562		33905		3335
709		1562		33905		3335
710		1562		33905		3335
711		1562		33905		3335
712		1562		33905		3335
713		1562		33905		3335
714		1562		33905		3335
715		1562		33905		3335
716		1562		33905		3335
717		1562		33905		3335
718		1562		33905		3335
719		1562		33905		3335
720		1562		33905		3335
721		1562		33905		3335
722		1562		33905		3335
723		1562		33905		3335
724		1562		33905		3335
725		1562		33905		3335
726		1562		33905		3335
727		1562		33905		3335
728		1562		33905		3335
729		1562		33905		3335
730		1562		33905		3335
731		1562		33905		3335
732		1562		33905		3335
733		1562		33905		3335
734		1562		33905		3335
735		1562		33905		3335
736		1562		33905		3335
737		1562		33905		3335
738		1562		33905		3335
739		1562		33905		3335
740		1562		33905		3335
741		1562		33905		3335
742		1562		33905		3335
743		1562		33905		3335
744		1562		33905		3335
745		1562		33905		3335
746		1562		33905		3335
747		1562		33905		3335
748		1562		33905		3335
749		1562		33905		3335
750		1562		33905		3335
751		1562		33905		3335
752		1562		33905		3335
753		1562		33905		3335
754		1562		33905		3335
755		1562		33905		3335
756		1562		33905		3335
757		1562		33905		3335
758		1562		33905		3335
759		1562		33905		3335
760		1562		33905		3335
761		1562		33905		3335
762		1562		33905		3335
763		1562		33905		3335
764		1562		33905		3335
765		1562		33905		3335
766		1562		33905		3335
767		1562		33905		3335
768		1562		33905		3335
769		1562		33905		3335
770		1562		33905		3335
771		1562		33905		3335
772		1562		33905		3335
773		1562		33905		3335
774		1562		33905		3335
775		1562		33905		3335
776		1562		33905		3335
777		1562		33905		3335
778		1562		33905		3335
779		1562		33905		3335
780		1562		33905		3335
781		1562		33905		3335
782		1562		33905		3335
783		1562		33905		3335
784		1562		33905		3335
785		1562		33905		3335
786		1562		33905		3335
787		1562		33905		3335
788		1562		33905		3335
789		1562		33905		3335
790		1562		33905		3335
791		1562		33905		3335
792		1562		33905		3335
793		1562		33905		3335
794		1562		33905		3335
795		1562		33905		3335
796		1562		33905		3335
797		1562		33905		3335
798		1562		33905		3335
799		1562		33905		3335
800		1566		33908		3337
801		1566		33910		3337
802		1568		33915		3334
803		1565		33921		3334
804		1564		33923		3337
805		1564		33923		3337
806		1563		33924		3336
807		1562		33925		3337
808		1562		33925		3337
809		1562		33925		3337
810		1562		33925		3337
811		1562		33925		3337
812		1562		33925		3337
813		1562		33925		3337
814		1562		33925		3337
815		1562		33925		3337
816		1562		33925		3337
817		1562		33925		3337
818		1562		33925		3337
819		1562		33925		3337
820		1562		33925		3337
821		1562		33925		3337
822		1562		33925		3337
823		1562		33925		3337
824		1562		33925		3337
825		1562		33925		3337
826		1562		33925		3337
827		1562		33925		3337
828		1562		33925		3337
829		1562		33925		3337
830		1562		33925		3337
831		1562		33925		3337
832		1562		33925		3337
833		1562		33925		3337
834		1562		33925		3337
835		1562		33925		3337
836		1562		33925		3337
837		1562		33925		3337
838		1562		33925		3337
839		1562		33925		3337
840		1562		33925		3337
841		1562		33925		3337
842		1562		33925		3337
843		1562		33925		3337
844		1562		33925		3337
845		1562		33925		3337
846		1562		33925		3337
847		1562		33925		3337
848		1562		33925		3337
849		1562		33925		3337
850		1562		33925		3337
851		1562		33925		3337
852		1562		33925		3337
853		1562		33925		3337
854		1562		33925		3337
855		1562		33925		3337
856		1562		33925		3337
857		1562		33925		3337
858		1562		33925		3337
859		1562		33925		3337
860		1562		33925		3337
861		1562		33925		3337
862		1562		33925		3337
863		1562		33925		3337
864		1562		33925		3337
865		1562		33925		3337
866		1562		33925		3337
867		1562		33925		3337
868		1562		33925		3337
869		1562		33925		3337
870		1562		33925		3337
871		1562		33925		3337
872		1562		33925		3337
873		1562		33925		3337
874		1562		33925		3337
875		1562		33925		3337
876		1562		33925		3337
877		1562		33925		3337
878		1562		33925		3337
879		1562		33925		3337
880		1562		33925		3337
881		1562		33925		3337
882		1562		33925		3337
883		1562		33925		3337
884		1562		33925		3337
885		1562		33925		3337
886		1562		33925		3337
887		1562		33925		3337
888		1562		33925		3337
889		1562		33925		3337
890		1562		33925		3337
891		1562		33925		3337
892		1562		33925		3337
893		1562		33925		3337
894		1562		33925		3337
895		1562		33925		3337
896		1562		33925		3337
897		1562		33925		3337
898		1562		33925		3337
899		1562		33925		3337
900		1562		33925		3337
901		1562		33925		3337
902		1562		33925		3337
903		1562		33925		3337
904		1562		33925		3337
905		1562		33925		3337
906		1562		33925		3337
907		1562		33925		3337
908		1562		33925		3337
909		1562		33925		3337
910		1562		33925		3337
911		1562		33925		3337
912		1562		33925		3337
913		1562		33925		3337
914		1562		33925		3337
915		1562		33925		3337
916		1562		33925		3337
917		1562		33925		3337
918		1562		33925		3337
919		1562		33925		3337
920		1562		33925		3337
921		1562		33925		3337
922		1562		33925		3337
923		1562		33925		3337
924		1562		33925		3337
925		1562		33925		3337
926		1562		33925		3337
927		1562		33925		3337
928		1562		33925		3337
929		1562		33925		3337
930		1562		33925		3337
931		1562		33925		3337
932		1562		33925		3337
933		1562		33925		3337
934		1562		33925		3337
935		1562		33925		3337
936		1562		33925		3337
937		1562		33925		3337
938		1562		33925		3337
939		1562		33925		3337
940		1562		33925		3337
941		1562		33925		3337
942		1562		33925		3337
943		1562		33925		3337
944		1562		33925		3337
945		1562		33925		3337
946		1562		33925		3337
947		1562		33925		3337
948		1562		33925		3337
949		1562		33925		3337
950		1562		33925		3337
951		1562		33925		3337
952		1562		33925		3337
953		1562		33925		3337
954		1562		33925		3337
955		1562		33925		3337
956		1562		33925		3337
957		1562		33925		3337
958		1562		33925		3337
959		1562		33925		3337
960		1562		33925		3337
961		1562		33925		3337
962		1562		33925		3337
963		1562		33925		3337
964		1562		33925		3337
965		1562		33925		3337
966		1562		33925		3337
967		1562		33925		3337
968		1562		33925		3337
969		1562		33925		3337
970		1562		33925		3337
971		1562		33925		3337
972		1562		33925		3337
973		1562		33925		3337
974		1562		33925		3337
975		1562		33925		3337
976		1562		33925		3337
977		1562		33925		3337
978		1562		33925		3337
979		1562		33925		3337
980		1562		33925		3337
981		1562		33925		3337
982		1562		33925		3337
983		1562		33925		3337
984		1562		33925		3337
985		1562		33925		3337
986		1562		33925		3337
987		1562		33925		3337
988		1562		33925		3337
989		1562		33925		3337
990		1562		33925		3337
991		1562		33925		3337
992		1562		33925		3337
993		1562		33925		3337
994		1562		33925		3337
995		1562		33925		3337
996		1562		33925		3337
997		1562		33925		3337
998		1562		33925		3337
999		1562		33925		3337
