# Migration is number of nodes that have changed color.

Round		Edge-Cut		Swaps		Migrations		Skipped
0		4865		2395		1452
1		4358		4790		1465
2		3916		7185		1523
3		3839		9580		1571
4		3796		11974		1606
5		3754		14368		1520
6		3727		16763		1563
7		3697		19158		1542
8		3688		21549		1577
9		3658		23944		1550
10		3664		26339		1592
11		3647		28733		1598
12		3579		31127		1616
13		3584		33522		1597
14		3548		35916		1607
15		3519		38310		1606
16		3502		40703		1617
17		3486		43097		1601
18		3512		45491		1646
19		3513		47885		1604
20		3526		50277		1597
21		3475		52671		1633
22		3457		55063		1632
23		3424		57457		1587
24		3420		59851		1645
25		3383		62246		1635
26		3414		64640		1650
27		3345		67033		1622
28		3352		69427		1643
29		3356		71818		1626
30		3350		74209		1649
31		3323		76604		1642
32		3338		78995		1646
33		3320		81389		1644
34		3299		83782		1663
35		3304		86177		1618
36		3278		88569		1669
37		3319		90964		1655
38		3303		93357		1642
39		3295		95751		1656
40		3266		98145		1652
41		3262		100540		1664
42		3328		102934		1654
43		3256		105326		1663
44		3258		107719		1654
45		3257		110113		1671
46		3262		112505		1657
47		3255		114899		1649
48		3278		117292		1652
49		3279		119686		1669
50		3274		122081		1634
51		3261		124475		1642
52		3253		126870		1665
53		3211		129260		1640
54		3215		131653		1648
55		3243		134046		1647
56		3231		136441		1643
57		3218		138834		1635
58		3239		141229		1651
59		3197		143623		1635
60		3177		146015		1645
61		3198		148408		1666
62		3243		150803		1638
63		3194		153195		1642
64		3193		155587		1654
65		3205		157980		1641
66		3163		160373		1683
67		3176		162766		1653
68		3156		165159		1645
69		3156		167554		1661
70		3147		169946		1670
71		3118		172339		1657
72		3093		174730		1675
73		3079		177122		1656
74		3061		179512		1650
75		3052		181905		1676
76		3080		184300		1661
77		3071		186694		1668
78		3078		189086		1679
79		3058		191478		1695
80		3069		193871		1650
81		3041		196265		1679
82		3058		198659		1665
83		3038		201053		1649
84		3030		203447		1674
85		3044		205841		1670
86		3047		208235		1657
87		3024		210630		1657
88		3050		213023		1662
89		3020		215417		1661
90		3018		217811		1678
91		3018		220204		1682
92		3009		222597		1662
93		3017		224990		1668
94		2991		227383		1683
95		3010		229777		1647
96		3013		232172		1662
97		2992		234566		1676
98		2990		236959		1667
99		3003		239353		1678
100		2969		241748		1677
101		2957		244140		1670
102		2944		246530		1695
103		2965		248923		1677
104		2945		251314		1672
105		2936		253708		1686
106		2948		256101		1686
107		2927		258494		1679
108		2929		260885		1698
109		2902		263279		1686
110		2911		265674		1696
111		2921		268068		1700
112		2940		270463		1696
113		2932		272858		1653
114		2920		275250		1694
115		2901		277643		1689
116		2886		280038		1683
117		2877		282432		1701
118		2888		284826		1703
119		2907		287216		1661
120		2910		289609		1707
121		2900		292003		1689
122		2901		294396		1691
123		2921		296788		1680
124		2908		299182		1703
125		2890		301573		1684
126		2897		303965		1698
127		2924		306358		1696
128		2912		308753		1680
129		2891		311146		1682
130		2883		313541		1707
131		2912		315935		1671
132		2877		318328		1712
133		2883		320721		1694
134		2865		323115		1697
135		2858		325509		1706
136		2847		327903		1724
137		2851		330296		1673
138		2857		332688		1719
139		2851		335082		1704
140		2839		337474		1701
141		2845		339867		1697
142		2837		342260		1700
143		2861		344654		1681
144		2844		347047		1705
145		2853		349440		1685
146		2858		351832		1683
147		2837		354225		1679
148		2835		356619		1680
149		2841		359014		1655
150		2809		361409		1705
151		2819		363802		1679
152		2837		366196		1665
153		2824		368589		1692
154		2817		370983		1686
155		2808		373376		1677
156		2813		375769		1707
157		2807		378163		1677
158		2824		380555		1680
159		2813		382946		1693
160		2810		385339		1688
161		2799		387727		1674
162		2802		390122		1695
163		2821		392514		1682
164		2804		394906		1685
165		2791		397298		1699
166		2810		399692		1692
167		2800		402087		1665
168		2810		404480		1707
169		2798		406875		1679
170		2803		409268		1676
171		2783		411662		1683
172		2803		414055		1702
173		2802		416449		1679
174		2793		418844		1701
175		2783		421236		1687
176		2783		423631		1694
177		2760		426026		1696
178		2783		428420		1702
179		2797		430815		1676
180		2784		433208		1708
181		2789		435602		1697
182		2798		437993		1692
183		2776		440385		1698
184		2772		442779		1700
185		2760		445174		1690
186		2757		447568		1712
187		2753		449961		1699
188		2748		452356		1689
189		2753		454748		1708
190		2736		457141		1707
191		2754		459536		1693
192		2756		461930		1718
193		2744		464322		1717
194		2726		466716		1691
195		2724		469109		1705
196		2743		471498		1709
197		2732		473890		1694
198		2735		476284		1713
199		2718		478676		1706
200		2731		481071		1701
201		2729		483464		1712
202		2730		485859		1714
203		2735		488253		1696
204		2722		490646		1715
205		2703		493038		1713
206		2731		495431		1702
207		2716		497825		1714
208		2728		500216		1707
209		2705		502610		1697
210		2703		505003		1703
211		2690		507397		1712
212		2706		509791		1691
213		2707		512184		1701
214		2704		514577		1708
215		2696		516971		1689
216		2684		519366		1719
217		2683		521759		1710
218		2701		524152		1680
219		2697		526545		1708
220		2710		528939		1705
221		2703		531332		1676
222		2697		533724		1701
223		2689		536116		1701
224		2683		538510		1694
225		2680		540905		1710
226		2686		543297		1698
227		2681		545691		1692
228		2691		548084		1708
229		2683		550476		1700
230		2690		552869		1694
231		2684		555263		1703
232		2683		557656		1697
233		2684		560050		1698
234		2677		562444		1704
235		2660		564837		1699
236		2673		567231		1693
237		2660		569625		1705
238		2660		572018		1713
239		2655		574411		1694
240		2656		576804		1716
241		2654		579198		1714
242		2656		581593		1707
243		2663		583988		1714
244		2661		586377		1706
245		2646		588770		1718
246		2646		591161		1723
247		2633		593554		1723
248		2650		595948		1709
249		2640		598343		1721
250		2635		600737		1728
251		2630		603131		1713
252		2639		605524		1723
253		2634		607916		1719
254		2627		610311		1706
255		2627		612702		1726
256		2629		615096		1734
257		2615		617489		1708
258		2633		619882		1722
259		2609		622275		1722
260		2611		624668		1716
261		2608		627061		1729
262		2595		629456		1724
263		2600		631851		1716
264		2606		634244		1719
265		2591		636635		1717
266		2613		639027		1718
267		2601		641420		1724
268		2607		643814		1729
269		2591		646209		1701
270		2608		648601		1720
271		2605		650995		1716
272		2605		653390		1709
273		2625		655785		1732
274		2596		658180		1725
275		2592		660574		1709
276		2609		662964		1722
277		2600		665358		1725
278		2607		667749		1716
279		2595		670141		1725
280		2602		672531		1720
281		2605		674926		1699
282		2596		677319		1727
283		2598		679712		1720
284		2599		682103		1706
285		2591		684494		1721
286		2596		686887		1720
287		2587		689281		1711
288		2598		691675		1716
289		2592		694067		1714
290		2596		696460		1709
291		2595		698854		1713
292		2579		701246		1718
293		2587		703641		1704
294		2575		706036		1715
295		2585		708427		1719
296		2580		710821		1701
297		2577		713212		1715
298		2593		715605		1712
299		2583		717997		1695
300		2581		720388		1721
301		2579		722781		1714
302		2574		725173		1705
303		2583		727567		1717
304		2563		729962		1713
305		2564		732357		1700
306		2568		734750		1717
307		2566		737144		1716
308		2577		739536		1709
309		2565		741927		1716
310		2566		744320		1713
311		2559		746714		1700
312		2564		749106		1721
313		2569		751497		1710
314		2568		753889		1696
315		2560		756284		1714
316		2570		758676		1717
317		2551		761069		1702
318		2562		763460		1714
319		2555		765855		1704
320		2560		768245		1697
321		2550		770637		1708
322		2549		773030		1714
323		2553		775421		1702
324		2548		777815		1715
325		2548		780209		1706
326		2557		782601		1697
327		2545		784993		1715
328		2547		787379		1712
329		2533		789773		1694
330		2542		792167		1722
331		2542		794559		1714
332		2539		796952		1710
333		2542		799345		1714
334		2493		800143		1710
335		2468		800938		1724
336		2429		801703		1740
337		2411		802486		1742
338		2397		803242		1733
339		2375		803999		1732
340		2364		804730		1730
341		2354		805475		1732
342		2340		806192		1731
343		2331		806905		1732
344		2328		807612		1738
345		2310		808319		1733
346		2304		809012		1736
347		2303		809692		1739
348		2298		810380		1741
349		2290		811053		1739
350		2285		811719		1741
351		2284		812387		1745
352		2281		813056		1738
353		2279		813719		1739
354		2278		814380		1746
355		2272		815044		1747
356		2266		815700		1747
357		2259		816351		1745
358		2256		816997		1745
359		2253		817629		1744
360		2251		818264		1745
361		2248		818895		1743
362		2247		819519		1746
363		2243		820140		1746
364		2240		820760		1747
365		2239		821377		1748
366		2238		821992		1741
367		2236		822601		1743
368		2234		823207		1743
369		2230		823807		1743
370		2232		824405		1742
371		2230		825005		1739
372		2229		825606		1739
373		2229		826202		1738
374		2225		826797		1740
375		2225		827391		1740
376		2225		827985		1738
377		2224		828579		1738
378		2222		829169		1738
379		2221		829756		1739
380		2221		830342		1739
381		2217		830930		1741
382		2217		831510		1741
383		2216		832092		1740
384		2216		832670		1741
385		2216		833248		1741
386		2215		833827		1739
387		2213		834403		1738
388		2213		834975		1738
389		2212		835547		1739
390		2211		836118		1740
391		2212		836691		1742
392		2210		837260		1740
393		2211		837828		1741
394		2210		838399		1741
395		2209		838964		1742
396		2208		839531		1742
397		2208		840097		1742
398		2206		840663		1741
399		2206		841227		1741
400		2205		841790		1741
401		2204		842351		1741
402		2202		842911		1741
403		2201		843466		1742
404		2199		844020		1741
405		2198		844569		1741
406		2197		845116		1741
407		2196		845661		1741
408		2196		846205		1741
409		2195		846748		1741
410		2194		847291		1740
411		2194		847831		1740
412		2192		848371		1741
413		2192		848907		1741
414		2191		849444		1742
415		2191		849978		1742
416		2188		850510		1744
417		2188		851042		1743
418		2186		851570		1744
419		2185		852095		1746
420		2185		852619		1746
421		2185		853143		1746
422		2184		853666		1746
423		2184		854188		1746
424		2183		854709		1746
425		2183		855229		1746
426		2182		855748		1747
427		2181		856267		1747
428		2181		856783		1747
429		2181		857299		1746
430		2180		857816		1747
431		2179		858334		1748
432		2178		858851		1748
433		2176		859369		1747
434		2175		859881		1746
435		2174		860394		1745
436		2173		860903		1745
437		2172		861410		1745
438		2173		861918		1745
439		2171		862428		1746
440		2171		862934		1746
441		2171		863440		1746
442		2170		863945		1746
443		2170		864449		1746
444		2169		864952		1745
445		2169		865454		1745
446		2168		865955		1745
447		2167		866454		1745
448		2166		866951		1745
449		2166		867447		1745
450		2165		867942		1744
451		2165		868436		1744
452		2165		868930		1744
453		2164		869423		1743
454		2164		869915		1743
455		2164		870407		1743
456		2164		870899		1743
457		2164		871391		1743
458		2164		871883		1743
459		2164		872375		1743
460		2163		872866		1743
461		2163		873356		1743
462		2161		873844		1744
463		2159		874330		1744
464		2159		874812		1744
465		2157		875294		1745
466		2156		875771		1745
467		2156		876247		1745
468		2156		876723		1745
469		2155		877198		1746
470		2155		877672		1746
471		2155		878146		1746
472		2155		878620		1746
473		2155		879094		1746
474		2155		879568		1746
475		2155		880042		1746
476		2155		880516		1746
477		2154		880989		1745
478		2152		881459		1745
479		2152		881927		1745
480		2152		882395		1745
481		2151		882864		1745
482		2151		883330		1745
483		2150		883797		1744
484		2150		884261		1744
485		2150		884725		1744
486		2150		885189		1744
487		2149		885652		1744
488		2149		886114		1744
489		2147		886579		1746
490		2148		887047		1745
491		2147		887513		1747
492		2147		887979		1747
493		2147		888445		1747
494		2147		888911		1747
495		2145		889375		1748
496		2145		889839		1748
497		2145		890303		1748
498		2145		890767		1748
499		2144		891230		1749
500		2143		891695		1750
501		2143		892157		1750
502		2143		892619		1750
503		2142		893080		1749
504		2142		893540		1749
505		2141		893999		1750
506		2141		894457		1750
507		2141		894915		1750
508		2139		895371		1751
509		2139		895825		1751
510		2138		896278		1752
511		2138		896730		1752
512		2138		897182		1752
513		2138		897634		1752
514		2137		898085		1751
515		2137		898535		1751
516		2137		898985		1751
517		2137		899435		1751
518		2137		899885		1751
519		2137		900335		1751
520		2137		900785		1751
521		2137		901235		1751
522		2137		901685		1751
523		2137		902135		1751
524		2137		902585		1751
525		2137		903035		1751
526		2137		903485		1751
527		2137		903935		1751
528		2137		904385		1751
529		2137		904835		1751
530		2137		905285		1751
531		2137		905735		1751
532		2136		906184		1751
533		2136		906632		1751
534		2135		907079		1752
535		2135		907525		1752
536		2135		907971		1752
537		2134		908416		1751
538		2132		908858		1751
539		2132		909298		1751
540		2132		909738		1751
541		2132		910178		1751
542		2131		910617		1750
543		2130		911054		1751
544		2130		911490		1751
545		2129		911925		1751
546		2128		912358		1751
547		2128		912790		1751
548		2128		913222		1751
549		2128		913654		1751
550		2128		914086		1751
551		2128		914518		1751
552		2128		914950		1751
553		2128		915382		1751
554		2128		915814		1751
555		2128		916246		1751
556		2128		916678		1751
557		2128		917110		1751
558		2128		917542		1751
559		2128		917974		1751
560		2128		918406		1751
561		2128		918838		1751
562		2127		919269		1750
563		2127		919699		1750
564		2127		920129		1750
565		2127		920559		1750
566		2127		920989		1750
567		2126		921418		1749
568		2125		921845		1749
569		2125		922271		1749
570		2125		922697		1749
571		2125		923123		1749
572		2125		923549		1749
573		2125		923975		1749
574		2125		924401		1749
575		2125		924827		1749
576		2125		925253		1749
577		2125		925679		1749
578		2125		926105		1749
579		2125		926531		1749
580		2125		926957		1749
581		2125		927383		1749
582		2125		927809		1749
583		2125		928235		1749
584		2125		928661		1749
585		2124		929086		1749
586		2124		929510		1749
587		2124		929934		1749
588		2124		930358		1749
589		2124		930782		1749
590		2124		931206		1749
591		2124		931630		1749
592		2124		932054		1749
593		2124		932478		1749
594		2124		932902		1749
595		2124		933326		1749
596		2123		933749		1749
597		2123		934171		1749
598		2123		934593		1749
599		2123		935015		1749
600		2123		935437		1749
601		2123		935859		1749
602		2123		936281		1749
603		2123		936703		1749
604		2123		937125		1749
605		2123		937547		1749
606		2123		937969		1749
607		2123		938391		1749
608		2123		938813		1749
609		2123		939235		1749
610		2123		939657		1749
611		2123		940079		1749
612		2123		940501		1749
613		2122		940922		1749
614		2122		941342		1749
615		2122		941762		1749
616		2122		942182		1749
617		2122		942602		1749
618		2122		943022		1749
619		2122		943442		1749
620		2122		943862		1749
621		2122		944282		1749
622		2121		944701		1749
623		2121		945119		1749
624		2121		945537		1749
625		2121		945955		1749
626		2120		946372		1750
627		2120		946788		1750
628		2120		947204		1750
629		2120		947620		1750
630		2120		948036		1750
631		2118		948450		1749
632		2118		948862		1749
633		2118		949274		1749
634		2117		949685		1748
635		2117		950095		1748
636		2117		950505		1748
637		2117		950915		1748
638		2117		951325		1748
639		2117		951735		1748
640		2117		952145		1748
641		2116		952554		1748
642		2116		952962		1748
643		2116		953370		1748
644		2116		953778		1748
645		2116		954186		1748
646		2116		954594		1748
647		2115		955001		1748
648		2115		955407		1748
649		2115		955813		1748
650		2115		956219		1748
651		2115		956625		1748
652		2115		957031		1748
653		2115		957437		1748
654		2115		957843		1748
655		2115		958249		1748
656		2115		958655		1748
657		2115		959061		1748
658		2115		959467		1748
659		2115		959873		1748
660		2115		960279		1748
661		2115		960685		1748
662		2115		961091		1748
663		2115		961497		1748
664		2115		961903		1748
665		2115		962309		1748
666		2115		962715		1748
667		2115		963121		1748
668		2115		963527		1748
669		2115		963933		1748
670		2115		964339		1748
671		2115		964745		1748
672		2115		965151		1748
673		2115		965557		1748
674		2115		965963		1748
675		2115		966369		1748
676		2115		966775		1748
677		2115		967181		1748
678		2115		967587		1748
679		2115		967993		1748
680		2115		968399		1748
681		2115		968805		1748
682		2115		969211		1748
683		2115		969617		1748
684		2115		970023		1748
685		2115		970429		1748
686		2115		970835		1748
687		2115		971241		1748
688		2115		971647		1748
689		2115		972053		1748
690		2113		972457		1747
691		2113		972859		1747
692		2113		973261		1747
693		2113		973663		1747
694		2113		974065		1747
695		2113		974467		1747
696		2113		974869		1747
697		2113		975271		1747
698		2113		975673		1747
699		2113		976075		1747
700		2113		976477		1747
701		2113		976879		1747
702		2112		977280		1747
703		2112		977680		1747
704		2112		978080		1747
705		2112		978480		1747
706		2112		978880		1747
707		2112		979280		1747
708		2112		979680		1747
709		2112		980080		1747
710		2112		980480		1747
711		2112		980880		1747
712		2112		981280		1747
713		2112		981680		1747
714		2111		982079		1747
715		2111		982477		1747
716		2111		982875		1747
717		2111		983273		1747
718		2111		983671		1747
719		2111		984069		1747
720		2111		984467		1747
721		2111		984865		1747
722		2111		985263		1747
723		2111		985661		1747
724		2111		986059		1747
725		2111		986457		1747
726		2111		986855		1747
727		2111		987253		1747
728		2111		987651		1747
729		2111		988049		1747
730		2111		988447		1747
731		2111		988845		1747
732		2111		989243		1747
733		2111		989641		1747
734		2111		990039		1747
735		2111		990437		1747
736		2111		990835		1747
737		2109		991231		1746
738		2109		991625		1746
739		2107		992019		1748
740		2107		992411		1748
741		2106		992802		1748
742		2106		993192		1748
743		2106		993582		1748
744		2106		993972		1748
745		2105		994361		1749
746		2105		994749		1749
747		2105		995137		1749
748		2105		995525		1749
749		2105		995913		1749
750		2105		996301		1749
751		2105		996689		1749
752		2104		997076		1750
753		2104		997462		1750
754		2104		997848		1750
755		2104		998234		1750
756		2104		998620		1750
757		2104		999006		1750
758		2104		999392		1750
759		2104		999778		1750
760		2104		1000164		1750
761		2104		1000550		1750
762		2104		1000936		1750
763		2104		1001322		1750
764		2104		1001708		1750
765		2104		1002094		1750
766		2104		1002480		1750
767		2104		1002866		1750
768		2104		1003252		1750
769		2104		1003638		1750
770		2104		1004024		1750
771		2104		1004410		1750
772		2104		1004796		1750
773		2104		1005182		1750
774		2104		1005568		1750
775		2104		1005954		1750
776		2104		1006340		1750
777		2104		1006726		1750
778		2104		1007112		1750
779		2104		1007498		1750
780		2104		1007884		1750
781		2103		1008269		1750
782		2103		1008653		1750
783		2103		1009037		1750
784		2103		1009421		1750
785		2103		1009805		1750
786		2103		1010189		1750
787		2103		1010573		1750
788		2103		1010957		1750
789		2103		1011341		1750
790		2103		1011725		1750
791		2103		1012109		1750
792		2103		1012493		1750
793		2103		1012877		1750
794		2103		1013261		1750
795		2103		1013645		1750
796		2103		1014029		1750
797		2103		1014413		1750
798		2103		1014797		1750
799		2103		1015181		1750
800		2103		1015565		1750
801		2103		1015949		1750
802		2103		1016333		1750
803		2103		1016717		1750
804		2103		1017101		1750
805		2103		1017485		1750
806		2103		1017869		1750
807		2103		1018253		1750
808		2103		1018637		1750
809		2103		1019021		1750
810		2103		1019405		1750
811		2101		1019787		1752
812		2101		1020167		1752
813		2101		1020547		1752
814		2101		1020927		1752
815		2101		1021307		1752
816		2101		1021687		1752
817		2101		1022067		1752
818		2101		1022447		1752
819		2101		1022827		1752
820		2101		1023207		1752
821		2101		1023587		1752
822		2100		1023968		1752
823		2099		1024347		1751
824		2099		1024725		1751
825		2099		1025103		1751
826		2099		1025481		1751
827		2098		1025858		1751
828		2098		1026234		1751
829		2098		1026610		1751
830		2098		1026986		1751
831		2098		1027362		1751
832		2098		1027738		1751
833		2098		1028114		1751
834		2098		1028490		1751
835		2098		1028866		1751
836		2098		1029242		1751
837		2098		1029618		1751
838		2098		1029994		1751
839		2098		1030370		1751
840		2098		1030746		1751
841		2098		1031122		1751
842		2098		1031498		1751
843		2098		1031874		1751
844		2098		1032250		1751
845		2098		1032626		1751
846		2098		1033002		1751
847		2098		1033378		1751
848		2098		1033754		1751
849		2098		1034130		1751
850		2098		1034506		1751
851		2098		1034882		1751
852		2098		1035258		1751
853		2098		1035634		1751
854		2098		1036010		1751
855		2098		1036386		1751
856		2098		1036762		1751
857		2098		1037138		1751
858		2098		1037514		1751
859		2098		1037890		1751
860		2098		1038266		1751
861		2098		1038642		1751
862		2098		1039018		1751
863		2098		1039394		1751
864		2098		1039770		1751
865		2098		1040146		1751
866		2098		1040522		1751
867		2098		1040898		1751
868		2098		1041274		1751
869		2098		1041650		1751
870		2098		1042026		1751
871		2098		1042402		1751
872		2098		1042778		1751
873		2098		1043154		1751
874		2098		1043530		1751
875		2098		1043906		1751
876		2098		1044282		1751
877		2098		1044658		1751
878		2098		1045034		1751
879		2098		1045410		1751
880		2098		1045786		1751
881		2098		1046162		1751
882		2098		1046538		1751
883		2098		1046914		1751
884		2098		1047290		1751
885		2098		1047666		1751
886		2098		1048042		1751
887		2098		1048418		1751
888		2098		1048794		1751
889		2098		1049170		1751
890		2098		1049546		1751
891		2098		1049922		1751
892		2098		1050298		1751
893		2098		1050674		1751
894		2098		1051050		1751
895		2098		1051426		1751
896		2098		1051802		1751
897		2098		1052178		1751
898		2098		1052554		1751
899		2098		1052930		1751
900		2098		1053306		1751
901		2098		1053682		1751
902		2098		1054058		1751
903		2098		1054434		1751
904		2098		1054810		1751
905		2098		1055186		1751
906		2098		1055562		1751
907		2098		1055938		1751
908		2098		1056314		1751
909		2098		1056690		1751
910		2098		1057066		1751
911		2098		1057442		1751
912		2098		1057818		1751
913		2098		1058194		1751
914		2098		1058570		1751
915		2098		1058946		1751
916		2098		1059322		1751
917		2098		1059698		1751
918		2098		1060074		1751
919		2098		1060450		1751
920		2098		1060826		1751
921		2098		1061202		1751
922		2098		1061578		1751
923		2098		1061954		1751
924		2098		1062330		1751
925		2098		1062706		1751
926		2098		1063082		1751
927		2098		1063458		1751
928		2098		1063834		1751
929		2098		1064210		1751
930		2098		1064586		1751
931		2098		1064962		1751
932		2098		1065338		1751
933		2098		1065714		1751
934		2098		1066090		1751
935		2098		1066466		1751
936		2098		1066842		1751
937		2098		1067218		1751
938		2097		1067593		1751
939		2097		1067967		1751
940		2096		1068340		1751
941		2096		1068712		1751
942		2096		1069084		1751
943		2096		1069456		1751
944		2096		1069828		1751
945		2096		1070200		1751
946		2096		1070572		1751
947		2096		1070944		1751
948		2096		1071316		1751
949		2096		1071688		1751
950		2096		1072060		1751
951		2096		1072432		1751
952		2096		1072804		1751
953		2096		1073176		1751
954		2096		1073548		1751
955		2096		1073920		1751
956		2096		1074292		1751
957		2096		1074664		1751
958		2096		1075036		1751
959		2096		1075408		1751
960		2096		1075780		1751
961		2096		1076152		1751
962		2096		1076524		1751
963		2096		1076896		1751
964		2096		1077268		1751
965		2096		1077640		1751
966		2096		1078012		1751
967		2096		1078384		1751
968		2096		1078756		1751
969		2096		1079128		1751
970		2096		1079500		1751
971		2096		1079872		1751
972		2096		1080244		1751
973		2096		1080616		1751
974		2096		1080988		1751
975		2096		1081360		1751
976		2096		1081732		1751
977		2096		1082104		1751
978		2096		1082476		1751
979		2096		1082848		1751
980		2096		1083220		1751
981		2096		1083592		1751
982		2096		1083964		1751
983		2096		1084336		1751
984		2096		1084708		1751
985		2096		1085080		1751
986		2096		1085452		1751
987		2095		1085823		1751
988		2095		1086193		1751
989		2095		1086563		1751
990		2095		1086933		1751
991		2095		1087303		1751
992		2095		1087673		1751
993		2095		1088043		1751
994		2095		1088413		1751
995		2095		1088783		1751
996		2095		1089153		1751
997		2095		1089523		1751
998		2095		1089893		1751
999		2095		1090263		1751
